Итерация 1
Ab: 
 [[1 0 0]
 [0 1 0]
 [0 0 1]] 
c:  [-1  -1  -1]
u:  [-1.  -1.  -1.]
N:  [1 2 3 4 5]
delta:  [-1.  1.  -1.  6.  4.]
j0:  2
Abt: 
 [[1 0 0]
 [0 1 0]
 [0 0 1]] 
 -A[j0] * l[j0]:  [ 0.  0. -1.]
L:  [ 0.  1.  0.  0.  0.  0.  0. -1. ]
Theta:  [ inf  4.  inf  inf  inf  inf  inf 27. ]
theta:  4.0
js:  2
B: [6 7 8]
X: [ 0.  3.  -1.  -5.  -6.  34.  8.  23. ]


Итерация 2
Ab: 
 [[1 0 0]
 [0 1 0]
 [0 0 1]] 
c:  [-1  -1  -1]
u:  [-1.  -1.  -1.]
N:  [1 2 3 4 5]
delta:  [-1.  1. -1.  6.  4.]
j0:  4
Abt: 
 [[1 0 0]
 [0 1 0]
 [0 0 1]] 
 -A[j0] * l[j0]:  [-2.  0.  -4.]
L:  [ 0.  0.  0.  1.  0. -2.  0. -4. ]
Theta:  [  inf  inf  inf  7.  inf  17.  inf  5.75 ]
theta:  5.75
js:  8
B: [4 6 7]
X: [ 0.  3.  -1.  0.75  -6.  22.5  8.  0. ]


Итерация 3
Ab: 
 [[2 0 4]
 [1 0 0]
 [0 1 0]] 
c:  [0 -1 -1]
u:  [-1.  -1.  0.5]
N:  [1 2 3 5 8]
delta:  [ 2.  -0.5  -1.  4.  -1.5 ]
j0:  1
Abt: 
 [[2 1 0]
 [0 0 1]
 [4 0 0]] 
 -A[j0] * l[j0]:  [0. -1.  2.]
L:  [ 1.  0.  0.  0.5  0.  -1.  -1.  0. ]
Theta:  [ 4.  inf  inf  2.5  inf  22.5  8.  inf ]
theta:  2.5
js:  4
B: [1 6 7]
X: [ 2.5  3.  -1.   2.  -6.  20.   5.5  0. ]


Итерация 4
Ab: 
 [[0 1 -2]
 [1 0 0]
 [0 1 0]] 
c:  [0 -1 -1]
u:  [-1.  -1.  -0.5]
N:  [2 3 4 5 8]
delta:  [ 0.5  -1.  4.  4.  -0.5 ]
j0:  5
Abt: 
 [[ 0  1  0]
 [ 1  0  1]
 [-2  0  0]] 
 -A[j0] * l[j0]:  [-3. -1.  0.]
L:  [ -0.  0.  0.  0.  1.  -3.  -1.  0. ]
Theta:  [ inf  inf  inf  inf  7.  6.66666667  5.5  inf ]
theta:  5.5
js:  7
B: [1 5 6]
X: [ 2.5  3.  -1.  2.  -0.5  3.5  0.  0. ]


Итерация 5
Ab: 
 [[ 0  1 -2]
 [ 3  1  0]
 [ 1  0  0]] 
c:  [ 0  0 -1]
u:  [-1.   3.   1.5]
N:  [2 3 4 7 8]
delta:  [ -1.5  -1.  -4.  -4.  -2.5 ]
j0:  2
Abt: 
 [[ 0  3  1]
 [ 1  1  0]
 [-2  0  0]] 
 -A[j0] * l[j0]:  [-0. -0.  1.]
L:  [ -0.5  -1.   0.   0.   0.5 -1.5  0.   0. ]
Theta:  [ 5.  4.  inf  inf  3.  2.33333333  inf  inf ]
theta:  2.3333333333333335
js:  6
B: [1 2 5]
X: [ 1.33333333  0.66666667  -1.  2.  0.66666667  0.  0.  0. ]


Итерация 6
Ab: 
 [[ 0  1 -2]
 [ 0  0  1]
 [ 3  1  0]] 
c:  [0 0 0]
u:  [0. 0. 0.]
N:  [3 4 6 7 8]
delta:  [ 0.  0. -1. -1. -1.]
Done